actuating_joints:
  - left_ankle
  - left_hip_aa
  - left_hip_fe
  - left_knee
  - right_ankle
  - right_hip_aa
  - right_hip_fe
  - right_knee
dimensions:
  general:
    width: 0.05
  hip_base:
    length: 0.145
    mass: 8.686 # TODO
  hip_aa_side:
    length: 0.1605
    mass: 3.019
  hip_aa_front:
    length: 0.151
    mass: 0
  upper_leg:
    length: 0.410
    mass: 8.161
    offset: 0.00
  lower_leg:
    length: 0.410
    mass: 4.997
    offset: 0.03
  ankle_plate:
    length: 0.115
    offset: 0.08
  foot:
    height_forward: 0.184
    height_backward: 0.059
    mass: 0.789
inertia:
  hip_base:
    xx: 0.303498
    xy: -0.000197304
    xz: 0.0189663
    yy: 0.239254
    yz: 0.00122058
    zz: 0.11822
  hip_aa:
    xx: 0.068391
    xy: -0.0426776
    xz: 0.000171569
    yy: 0.0388633
    yz: 0.00117041
    zz: 0.104156
  upper_leg:
    xx: 1.68779
    xy: -0.0439623
    xz: 0.249519
    yy: 1.68452
    yz: 0.0814673
    zz: 0.20142
  lower_leg:
    xx: 0.567226
    xy: 0.00351928
    xz: 0.0146315
    yy: 0.561191
    yz: -0.019722
    zz: 0.0624652
  foot:
    xx: 0.00388523
    xy: -0.00209516
    xz: -0.00189858
    yy: 0.00659119
    yz: -0.00168033
    zz: 0.00630322
joint_limits:
  # The upper and lower limits of the joints
  left_knee:
    unit: iu
    lower_limit: 617728
    upper_limit: 939388
    zero_position: 629250
    resolution: 20
  right_knee:
    unit: iu
    lower_limit: 271431
    upper_limit: 621197
    zero_position: 285839
    resolution: 20
  left_hfe:
    unit: iu
    lower_limit: 213943
    upper_limit: 579571
    zero_position: 293632
    resolution: 20
  right_hfe:
    unit: iu
    lower_limit: 559641
    upper_limit: 925326
    zero_position: 632992
    resolution: 20
  left_ankle:
    unit: iu
    lower_limit: 9023
    upper_limit: 10842
    zero_position: 10169
    resolution: 14
  right_ankle:
    unit: iu
    lower_limit: 12551
    upper_limit: 14446
    zero_position: 13754
    resolution: 14
  left_haa:
    unit: iu
    lower_limit: 4782
    upper_limit: 5665
    zero_position: 5307
    resolution: 14
  right_haa:
    unit: iu
    lower_limit: 3429
    upper_limit: 4285
    zero_position: 3837
    resolution: 14
safety:  # This is still copied from MV
  exoskeleton:
    knee:
      lower_soft_buffer: 2.0
      upper_soft_buffer: 2.0
      k_position: 9.656085595298899
      k_velocity: 23.06987607064259
      max_effort: 20.0
      max_velocity: 3.0
    hfe:
      lower_soft_buffer: 2.0
      upper_soft_buffer: 2.0
      k_position: 8.368683429790725
      k_velocity: 26.185712977780618
      max_effort: 20.0
      max_velocity: 3.0
    ankle:
      lower_soft_buffer: 2.0
      upper_soft_buffer: 2.0
      k_position: 20000.0
      k_velocity: 20000.0
      max_effort: 20.0
      max_velocity: 3.0
    haa:
      lower_soft_buffer: 1.0
      upper_soft_buffer: 1.0
      k_position: 20000.0
      k_velocity: 20000.0
      max_effort: 20.0
      max_velocity: 3.0
  simulation:
    knee:
      lower_soft_buffer: 2.0
      upper_soft_buffer: 2.0
      k_position: 9.656085595298899
      k_velocity: 23.06987607064259
      max_effort: 20.0
      max_velocity: 3.0
    hfe:
      lower_soft_buffer: 2.0
      upper_soft_buffer: 2.0
      k_position: 8.368683429790725
      k_velocity: 26.185712977780618
      max_effort: 20.0
      max_velocity: 3.0
    ankle:
      lower_soft_buffer: 2.0
      upper_soft_buffer: 2.0
      k_position: 20000.0
      k_velocity: 20000.0
      max_effort: 20.0
      max_velocity: 3.0
    haa:
      lower_soft_buffer: 1.0
      upper_soft_buffer: 1.0
      k_position: 20000.0
      k_velocity: 20000.0
      max_effort: 20.0
      max_velocity: 3.0