actuating_joints:
  - left_ankle
  - left_hip_aa
  - left_hip_fe
  - left_knee
  - right_ankle
  - right_hip_aa
  - right_hip_fe
  - right_knee
dimensions:
  general:
    width: 0.05
  hip_base:
    length: 0.13
    mass: 8.686 # TODO
  hip_aa_side:
    length: 0.23
    mass: 3.019
  hip_aa_front:
    length: 0.19
    mass: 0
  upper_leg:
    length: 0.410
    mass: 8.161
    offset: 0.00
  lower_leg:
    length: 0.40
    mass: 4.997
    offset: 0.07
  ankle_plate:
    length: 0.115
    offset: 0.01
    collision_offset: 0.07
  foot:
    height_forward: 0.217
    height_backward: 0.079
    mass: 0.789
inertia:
  hip_base:
    xx: 0.303498
    xy: -0.000197304
    xz: 0.0189663
    yy: 0.239254
    yz: 0.00122058
    zz: 0.11822
  hip_aa:
    xx: 0.068391
    xy: -0.0426776
    xz: 0.000171569
    yy: 0.0388633
    yz: 0.00117041
    zz: 0.104156
  upper_leg:
    xx: 1.68779
    xy: -0.0439623
    xz: 0.249519
    yy: 1.68452
    yz: 0.0814673
    zz: 0.20142
  lower_leg:
    xx: 0.567226
    xy: 0.00351928
    xz: 0.0146315
    yy: 0.561191
    yz: -0.019722
    zz: 0.0624652
  foot:
    xx: 0.00388523
    xy: -0.00209516
    xz: -0.00189858
    yy: 0.00659119
    yz: -0.00168033
    zz: 0.00630322
joint_limits:
  # The upper and lower limits of the joints
  left_knee:
    unit: iu
    lower_limit: 594768
    upper_limit: 963440
    zero_position: 640464
    resolution: 20
  right_knee:
    unit: iu
    lower_limit: 533392
    upper_limit: 883152
    zero_position: 545216
    resolution: 20
  left_hfe:
    unit: iu
    lower_limit: 81296
    upper_limit: 430496
    zero_position: 147504
    resolution: 20
  right_hfe:
    unit: iu
    lower_limit: 426784
    upper_limit: 798560
    zero_position: 486304
    resolution: 20
  left_ankle:
    unit: iu
    lower_limit: 3860
    upper_limit: 5866
    zero_position: 5114
    resolution: 14
  right_ankle:
    unit: iu
    lower_limit: 6000
    upper_limit: 8015
    zero_position: 7288
    resolution: 14
  left_haa:
    unit: iu
    lower_limit: 520
    upper_limit: 1747
    zero_position: 1062
    resolution: 14
  right_haa:
    unit: iu
    lower_limit: 9242
    upper_limit: 10487
    zero_position: 9904
    resolution: 14
safety:  # This is still copied from MV
  exoskeleton:
    knee:
      lower_soft_buffer: 2.0
      upper_soft_buffer: 2.0
      k_position: 9.656085595298899
      k_velocity: 23.06987607064259
      max_effort: 30.0
      max_velocity: 3.5
    hfe:
      lower_soft_buffer: 2.0
      upper_soft_buffer: 2.0
      k_position: 3.3401714863487983
      k_velocity: 6.105877562284971
      max_effort: 30.0
      max_velocity: 3.0
    ankle:
      lower_soft_buffer: 2.0
      upper_soft_buffer: 0.2
      k_position: 7.692354754168206
      k_velocity: 2.246279388462071
      max_effort: 30.0
      max_velocity: 2.5
    haa:
      lower_soft_buffer: 0.2
      upper_soft_buffer: 0.2
      k_position: 6.6430091259949355
      k_velocity: 28.775519491677287
      max_effort: 30.0
      max_velocity: 2.5
  simulation:
    knee:
      lower_soft_buffer: 2.0
      upper_soft_buffer: 2.0
      k_position: 5000.0
      k_velocity: 60.0
      max_effort: 200.0
      max_velocity: 3.5
    hfe:
      lower_soft_buffer: 2.0
      upper_soft_buffer: 2.0
      k_position: 5000.0
      k_velocity: 60.0
      max_effort: 200.0
      max_velocity: 3.0
    ankle:
      lower_soft_buffer: 2.0
      upper_soft_buffer: 0.2
      k_position: 5000.0
      k_velocity: 15.0
      max_effort: 200.0
      max_velocity: 2.5
    haa:
      lower_soft_buffer: 0.2
      upper_soft_buffer: 0.2
      k_position: 5000.0
      k_velocity: 60.0
      max_effort: 200.0
      max_velocity: 2.5